cv_14 51 (2064,3840,3) 11.53 15.16
cv_15 31 (2064,3840,3) 13.43 17.10
cv_29 268 (2064,3840,3) 16.69 23.29
cv_39 61 (2064,3840,3) 16.86 24.46
cv_40 31 (2064,3840,3) 14.27 20.41
cv_50 32 (2064,3840,3) 15.27 22.39
cv_51 35 (2064,3840,3) 12.80 18.63
cv_56 163 (1888,3840,3) 19.79 25.01
cv_57 360 (1888,3840,3) 26.20 33.64
cv_58 198 (1888,3840,3) 36.43 47.23
cv_59 93 (1888,3840,3) 19.87 23.05
cv_60 178 (1888,3840,3) 30.80 39.11
cv_62 175 (1888,3840,3) 27.33 33.33
cv_63 123 (1888,3840,3) 19.71 23.81
cv_108 121 (1888,3840,3) 15.79 19.12
cv_112 45 (1888,3840,3) 20.57 24.97
cv_129 299 (1888,3840,3) 10.14 19.57
cv_134 84 (2064,3840,3) 20.13 25.36
cv_135 37 (2064,3840,3) 40.40 50.95
cv_136 88 (2064,3840,3) 30.27 41.98
cv_145 41 (2064,3840,3) 15.47 21.38
cv_154 36 (2064,3840,3) 35.40 45.51
cv_160 34 (2064,3840,3) 14.00 19.08
cv_161 43 (2064,3840,3) 14.43 19.65
cv_176 75 (1888,3840,3) 14.64 18.77
cv_191 122 (1888,3840,3) 13.40 18.23
cv_193 33 (1888,3840,3) 14.20 20.42
cv_194 32 (1888,3840,3) 13.47 18.07
cv_211 154 (1888,3840,3) 22.67 29.52
cv_212 81 (1888,3840,3) 15.33 21.56
cv_223 318 (1888,3840,3) 15.53 21.13
cv_240 57 (1888,3840,3) 14.20 19.64
cv_244 341 (1888,3840,3) 21.53 30.13
cv_248 335 (1888,3840,3) 23.13 28.02
cv_254 110 (1888,3840,3) 22.92 27.21
cv_276 261 (1888,3840,3) 11.13 15.53
cv_281 31 (1888,3840,3) 13.27 18.41
cv_288 580 (1072,1920,3) 31.27 35.98
cv_289 241 (1072,1920,3) 31.13 40.13
cv_291 326 (2160,3840,3) 40.14 45.54
cv_305 483 (2160,3840,3) 79.14 84.14
cv_306 522 (2160,3840,3) 78.14 83.57
cv_307 752 (1440,2560,3) 45.00 52.55
cv_308 98 (1440,2560,3) 43.93 50.85
cv_310 409 (2160,3840,3) 39.57 46.68
cv_311 395 (2160,3840,3) 40.29 47.62
cv_312 339 (1072,1920,3) 50.00 55.75
cv_313 336 (1072,1920,3) 55.67 77.17
cv_316 342 (1072,1920,3) 32.43 37.93
cv_317 264 (1072,1920,3) 51.73 56.73
cv_318 512 (2160,3840,3) 48.64 54.64
cv_322 920 (1072,1920,3) 33.21 37.64
cv_324 41 (1072,1920,3) 38.57 45.71
cv_326 300 (2160,3840,3) 41.57 46.32
cv_328 1180 (1072,1920,3) 49.07 54.07
cv_330 580 (2160,3840,3) 44.29 51.69
cv_331 315 (2160,3840,3) 44.07 52.37
cv_335 434 (1072,1920,3) 56.14 63.48
cv_336 323 (2160,3840,3) 46.07 50.87
cv_339 395 (1072,1920,3) 50.80 63.23
cv_340 330 (1072,1920,3) 30.64 33.64
cv_341 280 (1072,1920,3) 32.00 36.67
cv_343 369 (1072,1920,3) 44.73 49.62
cv_344 922 (1072,1920,3) 35.57 39.66
cv_345 480 (2160,3840,3) 47.00 55.71
cv_346 580 (1072,1920,3) 48.93 54.93
cv_347 90 (1072,1920,3) 48.27 54.89
cv_348 267 (1072,1920,3) 30.87 37.03
cv_349 580 (2160,3840,3) 64.93 73.80
cv_350 135 (2160,3840,3) 64.43 74.33
cv_351 72 (1072,1920,3) 26.36 30.46
cv_352 516 (2160,3840,3) 41.87 47.49
cv_353 624 (1072,1920,3) 36.00 39.00
cv_354 493 (720,1280,3) 54.33 58.33
cv_355 1180 (1072,1920,3) 37.36 42.36
cv_356 1180 (1072,1920,3) 37.80 42.30
cv_359 600 (1072,1920,3) 60.86 63.86
cv_360 284 (1072,1920,3) 59.21 62.88
cv_361 384 (1072,1920,3) 32.43 37.93
cv_362 399 (1072,1920,3) 32.57 38.45
cv_364 451 (1072,1920,3) 50.93 60.18
cv_365 428 (1072,1920,3) 52.07 59.50
cv_366 433 (1072,1920,3) 51.53 57.53
cv_367 411 (1072,1920,3) 39.13 42.67
cv_369 427 (1072,1920,3) 36.57 40.73
cv_370 406 (1072,1920,3) 43.79 48.64
cv_371 329 (1072,1920,3) 47.36 56.52
cv_375 500 (2160,3840,3) 50.79 60.07
cv_376 411 (2160,3840,3) 50.93 59.93
cv_377 500 (2160,3840,3) 49.36 58.19
cv_378 172 (2160,3840,3) 46.86 55.86
cv_379 500 (2160,3840,3) 49.36 59.66
cv_381 500 (2160,3840,3) 55.14 66.00
cv_382 63 (2160,3840,3) 58.43 68.71
cv_383 294 (2160,3840,3) 53.93 65.08
cv_384 500 (1440,2560,3) 55.73 63.48
cv_385 352 (1440,2560,3) 53.14 60.27
cv_386 500 (1440,2560,3) 57.33 61.83
cv_387 61 (1440,2560,3) 55.57 61.32
cv_388 500 (1440,2560,3) 47.50 55.50
cv_389 44 (1440,2560,3) 45.93 50.36
cv_390 500 (1440,2560,3) 56.50 61.50
cv_391 261 (1440,2560,3) 56.86 64.29
cv_395 500 (1440,2560,3) 60.07 64.82
cv_396 299 (1440,2560,3) 59.93 66.36
cv_397 459 (1072,1920,3) 58.00 63.00
cv_398 500 (1440,2560,3) 52.93 59.68
cv_399 500 (1440,2560,3) 54.53 61.78
cv_400 500 (1072,1920,3) 55.87 61.99
cv_401 237 (1072,1920,3) 57.33 62.90
cv_402 500 (2160,3840,3) 60.00 70.75
cv_404 235 (2160,3840,3) 52.20 58.83
cv_405 365 (2160,3840,3) 49.93 57.93
cv_406 500 (2160,3840,3) 46.73 56.16
cv_407 140 (2160,3840,3) 47.33 50.96
cv_408 380 (2160,3840,3) 61.53 67.43
cv_409 403 (2160,3840,3) 51.29 62.29
cv_410 235 (2160,3840,3) 48.47 55.09
cv_413 417 (2160,3840,3) 58.33 68.33
cv_415 309 (2160,3840,3) 55.50 64.21
cv_416 346 (2160,3840,3) 58.33 72.62
cv_418 220 (2160,3840,3) 43.64 51.64
cv_420 524 (2160,3840,3) 46.71 54.11
cv_421 501 (2160,3840,3) 40.14 47.48
cv_422 500 (2160,3840,3) 38.71 45.71
cv_424 106 (2160,3840,3) 39.43 46.43
cv_425 500 (2160,3840,3) 49.79 57.56
cv_426 500 (2160,3840,3) 49.21 57.67
cv_427 186 (2160,3840,3) 49.43 57.52
cv_428 500 (2160,3840,3) 50.00 57.50
cv_429 252 (2160,3840,3) 49.93 58.68
cv_430 276 (2160,3840,3) 37.57 43.95
cv_432 354 (2160,3840,3) 44.86 51.68
cv_433 318 (2160,3840,3) 46.93 51.93
cv_435 308 (2160,3840,3) 42.79 51.07
cv_436 490 (2160,3840,3) 38.64 46.36
cv_439 106 (1072,1920,3) 63.40 68.90
cv_442 113 (1072,1920,3) 65.20 71.47
cv_443 175 (1072,1920,3) 56.87 61.47
cv_447 153 (1072,1920,3) 58.07 64.69
cv_449 221 (1072,1920,3) 59.40 62.90
cv_450 261 (1072,1920,3) 58.13 61.68
cv_451 257 (1072,1920,3) 61.47 64.28
cv_457 185 (1920,1072,3) 49.13 51.43
cv_465 872 (1072,1920,3) 62.33 75.83
cv_466 460 (1072,1920,3) 56.33 59.42
cv_468 460 (1072,1920,3) 66.60 74.78
cv_469 56 (1072,1920,3) 62.07 62.07
cv_472 1180 (1440,2560,3) 52.71 60.29
cv_473 1180 (1440,2560,3) 53.00 62.69
cv_475 420 (1440,2560,3) 49.33 57.58
cv_476 958 (1440,2560,3) 48.67 57.00
cv_477 500 (1072,1920,3) 69.87 78.58
cv_478 500 (1072,1920,3) 69.80 79.13
cv_479 497 (1072,1920,3) 71.43 77.43
cv_480 580 (1072,1920,3) 46.71 52.84
cv_481 580 (1072,1920,3) 47.50 54.21
cv_482 445 (1072,1920,3) 50.20 54.42
cv_493 390 (2160,3840,3) 52.80 60.97
cv_494 126 (2160,3840,3) 45.64 53.21
cv_495 90 (2160,3840,3) 54.93 58.20
cv_496 333 (1920,1072,3) 43.64 48.81
cv_497 621 (3840,2160,3) 61.86 68.48
cv_500 1180 (2160,3840,3) 40.21 51.64
cv_501 221 (2160,3840,3) 40.64 51.21
cv_502 1180 (2160,3840,3) 40.36 43.50
cv_503 482 (2160,3840,3) 37.80 41.55
cv_504 811 (1072,1920,3) 46.14 50.64
cv_505 527 (2160,3840,3) 69.50 75.90
cv_506 898 (1072,1920,3) 46.86 52.22
cv_507 857 (1440,2560,3) 46.57 53.30
cv_509 1131 (1072,1920,3) 47.93 53.11
cv_510 1180 (2160,3840,3) 34.21 37.36
cv_511 1180 (2160,3840,3) 38.87 44.28
cv_512 350 (2160,3840,3) 42.86 48.57
cv_513 674 (2160,3840,3) 47.43 53.43
cv_514 424 (2160,3840,3) 49.50 54.50
cv_515 674 (2160,3840,3) 47.86 53.98
cv_516 704 (2160,3840,3) 41.60 48.60
cv_517 1140 (1440,2560,3) 40.71 44.95
cv_518 437 (2160,3840,3) 52.73 58.48
cv_519 527 (2160,3840,3) 67.57 78.32
cv_521 402 (2160,3840,3) 49.00 57.30
cv_522 430 (1072,1920,3) 47.50 54.00
cv_523 580 (2160,3840,3) 65.64 72.28
cv_524 205 (2160,3840,3) 67.57 75.12
cv_526 1180 (1072,1920,3) 52.93 54.81
cv_527 1180 (1072,1920,3) 52.80 56.69
cv_528 1180 (1072,1920,3) 52.67 56.17
cv_529 59 (1072,1920,3) 52.93 55.18
cv_530 1224 (3840,2160,3) 81.86 86.86
cv_531 600 (1440,2560,3) 77.87 84.87
cv_532 77 (1440,2560,3) 78.29 85.62
cv_533 205 (3840,2160,3) 40.93 54.02
cv_534 1180 (1440,2560,3) 47.67 50.77
cv_535 176 (1440,2560,3) 46.29 48.95
cv_536 623 (2160,3840,3) 48.73 54.88
cv_537 119 (2160,3840,3) 48.67 58.56
cv_539 996 (1072,1920,3) 41.71 45.11
cv_540 31 (1072,1920,3) 40.64 44.39
cv_541 193 (2160,3840,3) 39.80 48.42
cv_543 103 (2160,3840,3) 35.50 38.95
cv_544 668 (2160,3840,3) 62.36 64.21
cv_545 580 (1072,1920,3) 43.07 46.87
cv_546 144 (1072,1920,3) 44.00 48.00
cv_547 580 (1072,1920,3) 46.36 49.96
cv_548 449 (1072,1920,3) 46.50 51.05
cv_549 580 (1072,1920,3) 47.20 51.47
cv_550 449 (1072,1920,3) 46.29 51.01
cv_551 513 (1072,1920,3) 44.71 48.26
cv_553 334 (1072,1920,3) 44.50 48.25
cv_554 507 (1072,1920,3) 46.36 49.13
cv_555 580 (1072,1920,3) 44.21 47.38
cv_556 95 (1072,1920,3) 44.93 49.15
cv_557 1180 (2160,3840,3) 67.79 78.45
cv_558 860 (2160,3840,3) 68.36 77.93
cv_559 1080 (2160,3840,3) 67.14 78.70
cv_560 1180 (2160,3840,3) 57.47 72.72
cv_561 680 (2160,3840,3) 59.79 73.07
cv_562 1180 (2160,3840,3) 63.64 76.07
cv_563 650 (2160,3840,3) 63.29 77.29
cv_564 1180 (2160,3840,3) 64.29 80.43
cv_565 710 (2160,3840,3) 64.29 75.89
cv_568 124 (1072,1920,3) 45.29 48.41
cv_569 631 (1072,1920,3) 44.13 49.33
cv_570 160 (1072,1920,3) 37.67 42.37
cv_571 402 (2160,3840,3) 42.36 46.59
cv_572 477 (1920,1072,3) 44.00 51.56
cv_573 289 (1072,1920,3) 34.93 38.93
cv_576 264 (2160,3840,3) 65.36 75.25
cv_577 338 (2160,3840,3) 57.47 64.83
cv_578 264 (2160,3840,3) 57.47 63.72
cv_579 486 (2160,3840,3) 57.93 65.38
cv_580 207 (2160,3840,3) 47.80 54.80
cv_583 101 (1440,2560,3) 55.73 68.45
cv_584 59 (1440,2560,3) 54.53 60.93
cv_586 298 (2160,3840,3) 53.47 61.22
cv_588 350 (2160,3840,3) 51.40 60.40
cv_589 261 (2160,3840,3) 51.60 58.60
cv_590 201 (2160,3840,3) 50.80 59.94
cv_592 1200 (3840,2160,3) 52.86 60.73
cv_593 462 (3840,2160,3) 51.64 58.31
cv_594 1180 (1072,1920,3) 49.86 57.31
cv_595 1180 (1072,1920,3) 50.21 58.21
cv_596 1180 (1072,1920,3) 50.29 59.21
cv_597 1180 (1072,1920,3) 50.43 60.04
cv_598 1180 (1072,1920,3) 50.50 61.50
cv_599 1180 (1072,1920,3) 49.64 59.80
cv_601 128 (1072,1920,3) 50.57 61.07
cv_602 580 (1072,1920,3) 52.86 64.86
cv_603 580 (1072,1920,3) 52.93 64.26
cv_604 580 (1072,1920,3) 53.14 64.48
cv_605 580 (1072,1920,3) 53.00 64.58
cv_606 580 (1072,1920,3) 53.07 63.24
cv_607 330 (1072,1920,3) 52.71 63.80
cv_608 448 (1072,1920,3) 54.40 59.90
cv_609 1200 (1920,1072,3) 54.13 58.76
cv_610 124 (1920,1072,3) 53.93 61.43
cv_611 460 (1920,1072,3) 46.73 50.53
cv_613 146 (1440,2560,3) 43.73 54.29
cv_615 469 (1440,2560,3) 37.47 46.62
cv_616 247 (1440,2560,3) 33.53 41.53
cv_617 610 (1440,2560,3) 36.87 45.78
cv_618 326 (1440,2560,3) 37.64 46.31
cv_619 433 (1440,2560,3) 39.53 46.68
cv_620 67 (2160,3840,3) 33.07 38.57
cv_621 600 (1072,1920,3) 31.13 35.59
cv_622 287 (1072,1920,3) 32.67 36.67
cv_624 381 (1072,1920,3) 56.00 60.00
cv_625 367 (1072,1920,3) 57.00 60.45
cv_626 111 (1072,1920,3) 57.87 61.17
cv_627 299 (1072,1920,3) 61.20 62.87
cv_628 137 (1072,1920,3) 40.71 43.83
cv_629 131 (1072,1920,3) 43.29 46.43
cv_631 205 (1072,1920,3) 33.20 37.38
cv_632 186 (1072,1920,3) 42.53 45.42
cv_634 295 (1072,1920,3) 32.40 35.58
cv_635 322 (1072,1920,3) 52.87 60.15
cv_636 495 (2160,3840,3) 37.93 44.60
cv_637 387 (2160,3840,3) 33.36 38.79
cv_638 501 (2160,3840,3) 42.14 48.89
cv_639 311 (2160,3840,3) 43.62 50.22
cv_640 426 (2160,3840,3) 36.33 40.56
cv_641 600 (2160,3840,3) 45.20 61.20
cv_642 106 (2160,3840,3) 46.73 64.73
cv_643 409 (2160,3840,3) 24.14 28.14
cv_644 297 (2160,3840,3) 47.64 64.81
cv_645 429 (2160,3840,3) 22.73 26.61
cv_646 461 (2160,3840,3) 58.29 65.45
cv_647 488 (2160,3840,3) 48.47 63.32
cv_648 191 (2160,3840,3) 37.87 43.64
cv_649 440 (2160,3840,3) 56.53 60.53
cv_650 570 (2160,3840,3) 59.20 67.77
cv_652 256 (2160,3840,3) 45.93 54.83
cv_653 579 (2160,3840,3) 37.00 43.33
cv_654 224 (2160,3840,3) 42.53 51.03
cv_655 533 (2160,3840,3) 47.00 55.50
cv_656 344 (2160,3840,3) 57.60 63.43
cv_657 312 (2160,3840,3) 40.00 43.00
cv_658 337 (2160,3840,3) 33.14 40.84
cv_659 555 (2160,3840,3) 36.40 42.96
cv_660 346 (2160,3840,3) 36.73 43.48
cv_662 298 (2160,3840,3) 33.21 40.66
cv_663 65 (2160,3840,3) 28.33 32.96
cv_664 347 (2160,3840,3) 32.47 37.84
cv_665 378 (2160,3840,3) 34.47 42.24
cv_666 395 (2160,3840,3) 35.93 42.53
cv_667 418 (2160,3840,3) 38.21 48.71
cv_668 286 (2160,3840,3) 45.40 59.57
cv_669 600 (2160,3840,3) 41.14 52.34
cv_670 156 (2160,3840,3) 46.93 54.79
cv_671 322 (2160,3840,3) 40.21 46.50
cv_673 487 (2160,3840,3) 44.07 55.79
cv_674 434 (2160,3840,3) 42.29 49.10
cv_675 350 (2160,3840,3) 39.79 45.90
cv_676 436 (2160,3840,3) 38.77 46.05
cv_677 254 (2160,3840,3) 37.86 45.19
cv_678 372 (2160,3840,3) 48.40 57.02
cv_679 324 (2160,3840,3) 32.21 35.99
cv_680 281 (2160,3840,3) 33.29 37.17
cv_684 433 (1072,1920,3) 44.67 51.38
cv_685 432 (1072,1920,3) 47.73 64.45
cv_686 306 (3840,2160,3) 62.13 65.23
cv_687 404 (2160,3840,3) 46.93 52.63
cv_688 484 (2160,3840,3) 46.67 52.59
cv_689 418 (1072,1920,3) 34.54 38.54
cv_690 498 (1072,1920,3) 40.57 46.26
cv_691 343 (1072,1920,3) 55.87 62.64
cv_692 922 (1072,1920,3) 47.33 50.62
cv_693 922 (1072,1920,3) 40.57 44.35
cv_696 148 (2160,3840,3) 53.21 58.93
cv_697 580 (2160,3840,3) 53.40 59.20
cv_698 263 (2160,3840,3) 53.27 59.49
cv_700 600 (2160,3840,3) 48.07 56.07
cv_702 361 (2160,3840,3) 55.71 60.71
cv_703 600 (2160,3840,3) 57.40 62.40
cv_704 600 (2160,3840,3) 56.87 61.72
cv_705 47 (2160,3840,3) 57.40 62.02
cv_706 600 (2160,3840,3) 53.15 56.38
cv_707 202 (2160,3840,3) 51.21 54.81
cv_708 510 (2160,3840,3) 58.00 61.43
cv_709 296 (2160,3840,3) 56.40 61.69
cv_711 600 (2160,3840,3) 58.93 64.10
cv_712 165 (2160,3840,3) 56.60 61.77
cv_713 600 (2160,3840,3) 55.80 60.23
cv_714 600 (2160,3840,3) 58.50 62.17
cv_715 436 (2160,3840,3) 56.73 62.36
cv_716 451 (2160,3840,3) 60.00 62.83
cv_717 600 (2160,3840,3) 53.93 59.65
cv_719 152 (2160,3840,3) 55.14 59.98
cv_720 306 (2160,3840,3) 43.71 50.60
cv_721 322 (2160,3840,3) 41.64 47.64
cv_722 320 (2160,3840,3) 58.69 64.53
cv_724 600 (2160,3840,3) 80.29 89.69
cv_725 339 (2160,3840,3) 79.71 87.00
cv_726 546 (2160,3840,3) 48.79 56.67
cv_727 500 (1072,1920,3) 51.00 58.86
cv_728 376 (1072,1920,3) 47.36 56.79
cv_730 352 (1440,2560,3) 79.08 88.58
cv_731 480 (2160,3840,3) 44.46 49.79
cv_732 293 (2160,3840,3) 44.31 49.47
cv_733 498 (2160,3840,3) 44.15 50.15
cv_734 300 (1280,720,3) 35.73 49.23
cv_735 300 (1280,720,3) 37.00 50.43
cv_736 300 (1280,720,3) 37.00 50.86
cv_737 300 (1280,720,3) 36.53 49.28
cv_739 300 (1280,720,3) 37.00 49.38
cv_740 300 (1280,720,3) 37.13 52.28
cv_741 16 (1280,720,3) 37.27 53.57
cv_742 300 (1280,720,3) 35.47 50.05
cv_743 300 (1280,720,3) 35.87 52.31
cv_744 300 (1280,720,3) 35.80 51.90
cv_745 300 (1280,720,3) 35.60 50.15
cv_746 300 (1280,720,3) 36.33 51.42
cv_747 300 (1280,720,3) 35.67 47.76
cv_748 300 (1280,720,3) 36.07 47.96
cv_749 300 (1280,720,3) 37.07 48.94
cv_750 580 (1072,1920,3) 55.00 59.88
cv_751 112 (1072,1920,3) 56.27 61.47
cv_752 612 (1072,1920,3) 41.13 45.30
cv_753 621 (1072,1920,3) 60.50 69.07
cv_754 254 (1072,1920,3) 34.47 40.47
cv_755 187 (1072,1920,3) 45.64 50.98
cv_756 333 (1072,1920,3) 44.71 50.91
cv_757 416 (2560,1440,3) 70.93 78.43
cv_758 153 (1072,1920,3) 43.07 46.44
cv_760 500 (1072,1920,3) 44.21 47.93
cv_761 202 (1072,1920,3) 45.00 49.78
cv_762 91 (1072,1920,3) 33.21 39.21
cv_763 39 (1072,1920,3) 28.29 33.66
cv_764 405 (1072,1920,3) 23.40 29.02
cv_765 330 (1072,1920,3) 22.40 28.65
cv_766 171 (1072,1920,3) 22.07 27.19
cv_767 230 (1072,1920,3) 27.20 33.09
cv_771 547 (1072,1920,3) 25.13 31.36
cv_775 580 (1072,1920,3) 32.33 36.56
cv_776 257 (1072,1920,3) 32.07 35.94
cv_781 140 (1072,1920,3) 41.00 46.43
cv_782 734 (1440,2560,3) 53.07 56.37
cv_784 575 (1440,2560,3) 56.53 59.99
cv_785 67 (1440,2560,3) 43.73 47.40
cv_786 416 (1440,2560,3) 46.71 52.71
cv_787 183 (1440,2560,3) 50.79 62.12
cv_788 840 (1440,2560,3) 55.67 60.17
cv_789 87 (1440,2560,3) 56.60 62.35
cv_790 909 (1440,2560,3) 44.67 48.27
cv_792 30 (1440,2560,3) 47.14 51.05
cv_793 101 (1440,2560,3) 45.14 49.54
cv_794 201 (1440,2560,3) 41.08 44.41
cv_795 442 (1440,2560,3) 44.07 49.24
cv_797 764 (1440,2560,3) 55.07 60.87
cv_798 200 (1440,2560,3) 51.27 55.85
cv_799 378 (1440,1920,3) 52.60 56.35
cv_800 445 (1072,1920,3) 54.33 62.83
cv_801 467 (1072,1920,3) 57.53 65.39
cv_802 182 (1072,1920,3) 30.07 33.78
cv_805 588 (1920,1072,3) 47.13 52.83
cv_806 240 (1072,1904,3) 66.79 71.50
cv_807 146 (2160,3840,3) 37.20 45.45
cv_808 1180 (1072,1920,3) 33.79 37.56
cv_809 1180 (1072,1920,3) 35.36 39.46
cv_810 1180 (1072,1920,3) 37.71 42.11
cv_811 1180 (1072,1920,3) 36.71 41.41
cv_812 1156 (1072,1920,3) 35.36 39.36
cv_813 1180 (1072,1920,3) 46.93 57.43
cv_815 888 (1072,1920,3) 52.00 62.33
cv_816 1112 (1072,1920,3) 68.15 78.49
cv_817 1024 (1072,1920,3) 33.00 36.55
cv_818 459 (2160,3840,3) 48.87 59.64
cv_819 261 (2160,3840,3) 51.14 56.14
cv_820 329 (720,1280,3) 40.00 45.00
cv_821 666 (1072,1920,3) 36.13 41.83
cv_822 580 (2160,3840,3) 73.80 80.02
cv_823 416 (2160,3840,3) 77.20 82.58
cv_824 900 (1072,1920,3) 63.79 71.06
cv_825 510 (1920,1072,3) 67.13 71.30
cv_826 580 (1072,1920,3) 73.47 79.85
cv_828 280 (2160,3840,3) 86.36 90.46
cv_829 1180 (1072,1920,3) 37.86 41.98
cv_830 663 (1072,1920,3) 41.00 47.00
cv_831 580 (1072,1920,3) 40.86 46.36
cv_832 108 (1072,1920,3) 41.36 50.11
cv_833 580 (1072,1920,3) 35.00 42.12
cv_834 580 (1072,1920,3) 43.93 50.60
cv_836 395 (1072,1920,3) 39.79 43.23
cv_838 485 (1072,1920,3) 37.29 41.01
cv_839 483 (1072,1920,3) 36.21 40.94
cv_840 468 (1072,1920,3) 50.13 55.47
cv_841 436 (1072,1920,3) 37.86 44.75
cv_842 138 (1072,1920,3) 36.14 43.89
cv_843 199 (1072,1920,3) 33.64 37.93
cv_844 339 (2160,3840,3) 63.53 72.37
cv_845 69 (2160,3840,3) 49.13 53.30
cv_846 196 (2160,3840,3) 46.57 56.46
cv_847 600 (1920,1072,3) 48.93 56.43
cv_848 559 (1920,1072,3) 51.73 58.18
cv_850 319 (1920,1072,3) 52.87 57.12
cv_851 580 (1072,1920,3) 87.57 90.70
cv_852 109 (1072,1920,3) 86.57 90.14
cv_853 532 (1072,1920,3) 70.20 83.09
cv_854 1180 (1072,1920,3) 67.79 74.07
cv_855 411 (1072,1920,3) 72.21 78.21
cv_856 936 (1072,1920,3) 68.43 72.76
cv_857 618 (1072,1920,3) 48.07 55.57
cv_858 563 (2160,3840,3) 33.80 38.18
cv_860 154 (1072,1920,3) 43.21 46.96
cv_861 49 (2160,3840,3) 54.00 58.12
cv_862 78 (2160,3840,3) 64.20 71.05
cv_864 55 (2160,3840,3) 62.00 72.11
cv_865 41 (2160,3840,3) 58.36 66.19
cv_866 108 (2160,3840,3) 69.67 74.04
cv_867 79 (2160,3840,3) 57.53 63.16
cv_868 203 (2160,3840,3) 46.33 51.63
cv_869 34 (2160,3840,3) 46.93 50.60
cv_871 309 (2160,3840,3) 57.33 68.93
cv_872 121 (2160,3840,3) 53.50 58.50
cv_873 207 (2160,3840,3) 45.80 51.53
cv_890 580 (720,1280,3) 45.00 49.50
cv_891 580 (720,1280,3) 45.07 49.32
cv_892 580 (720,1280,3) 44.80 49.30
cv_893 580 (720,1280,3) 44.93 49.56
cv_896 580 (720,1280,3) 47.73 52.07
cv_897 580 (720,1280,3) 48.40 52.60
cv_898 580 (720,1280,3) 48.53 52.87
cv_899 580 (720,1280,3) 47.93 52.38
cv_913 408 (2160,3840,3) 49.47 57.09
cv_914 284 (2160,3840,3) 40.21 47.88
cv_915 151 (2160,3840,3) 39.93 46.20
cv_917 65 (2160,3840,3) 41.07 47.40
cv_918 363 (2160,3840,3) 41.38 47.63
cv_919 296 (2160,3840,3) 40.71 45.29
cv_920 580 (2160,3840,3) 40.71 44.71
cv_921 500 (2160,3840,3) 40.21 43.96
cv_922 303 (2160,3840,3) 41.07 45.77
cv_924 184 (2160,3840,3) 39.13 42.63
cv_925 271 (1440,2560,3) 58.36 62.36
cv_926 31 (1072,1920,3) 31.80 38.40
cv_927 267 (1072,1920,3) 39.93 50.18
cv_928 270 (1072,1920,3) 40.50 44.83
cv_929 299 (1072,1920,3) 35.64 41.84
cv_930 322 (1072,1920,3) 35.43 41.83
cv_931 580 (1072,1920,3) 51.86 61.36
cv_932 580 (1072,1920,3) 53.71 59.46
cv_933 580 (1072,1920,3) 54.00 60.40
cv_935 580 (1072,1920,3) 54.21 62.01
cv_936 580 (1072,1920,3) 54.14 62.14
cv_937 580 (1072,1920,3) 57.43 64.63
cv_938 500 (1072,1920,3) 56.00 61.00
cv_939 580 (1072,1920,3) 36.73 40.40
cv_940 580 (1072,1920,3) 38.07 42.29
cv_941 160 (1072,1920,3) 37.93 42.05
cv_942 580 (1072,1920,3) 64.29 69.04
cv_943 260 (1072,1920,3) 38.14 42.23
cv_944 330 (1072,1920,3) 41.07 46.17
cv_945 377 (2160,3840,3) 40.13 47.22
cv_946 235 (1072,1920,3) 41.20 48.02
cv_947 136 (1072,1920,3) 39.93 43.93
cv_950 233 (1072,1920,3) 45.93 51.03
cv_951 580 (2160,3840,3) 43.20 48.91
cv_952 580 (2160,3840,3) 40.00 44.67
cv_954 376 (1072,1920,3) 51.43 70.57
cv_956 578 (2160,3840,3) 56.20 61.66
cv_958 431 (2160,3840,3) 79.86 84.73
cv_959 580 (2160,3840,3) 69.40 76.15
cv_960 580 (2160,3840,3) 68.40 73.97
cv_961 315 (2160,3840,3) 68.27 73.16
cv_962 256 (2160,3840,3) 51.29 57.29
cv_963 580 (2160,3840,3) 52.00 57.50
cv_964 181 (2160,3840,3) 51.53 57.31
cv_965 1180 (1072,1920,3) 61.14 71.00
cv_967 872 (1072,1920,3) 43.20 48.87
cv_968 181 (1072,1920,3) 29.79 33.49
cv_969 243 (1072,1920,3) 33.67 37.92
cv_970 580 (1072,1920,3) 27.53 30.82
cv_971 82 (1072,1920,3) 28.87 32.17
cv_976 1180 (2160,3840,3) 28.93 32.06
cv_977 1180 (2160,3840,3) 22.40 32.02
cv_978 842 (2160,3840,3) 19.67 25.21
cv_979 180 (2160,3840,3) 40.71 51.29
cv_982 695 (1072,1920,3) 34.07 40.18
cv_983 410 (1072,1920,3) 46.53 50.87
cv_984 66 (2160,3840,3) 51.00 55.62
cv_985 161 (2160,3840,3) 50.87 57.17
cv_986 204 (1440,2560,3) 60.21 68.31
cv_987 262 (1072,1920,3) 42.36 46.63
cv_988 419 (1072,1920,3) 36.14 40.03
cv_989 140 (1440,2560,3) 46.21 50.33
cv_990 452 (2160,3840,3) 56.07 60.79
cv_991 406 (1072,1920,3) 48.67 53.51
cv_993 1180 (1072,1920,3) 45.07 49.07
cv_994 1180 (1072,1920,3) 42.87 47.68
cv_995 1180 (1072,1920,3) 45.00 49.90
cv_996 68 (1072,1920,3) 44.20 49.65
cv_997 450 (2160,3840,3) 50.50 55.50
cv_998 51 (2160,3840,3) 37.60 41.10
cv_999 580 (1440,2560,3) 46.87 52.87
cv_1001 580 (1440,2560,3) 46.53 63.53
cv_1002 120 (1440,2560,3) 46.33 52.93
cv_1004 227 (1072,1920,3) 37.86 41.02
cv_1006 279 (2160,3840,3) 37.54 41.09
cv_1007 193 (1440,2560,3) 36.33 41.67
cv_1008 140 (1440,2560,3) 37.00 42.17
cv_1009 114 (1440,2560,3) 60.47 71.59
cv_1010 78 (1440,2560,3) 41.57 47.57
cv_1011 42 (1440,2560,3) 42.86 48.86
cv_1012 56 (1440,2560,3) 40.71 45.55
cv_1013 73 (1440,2560,3) 40.21 44.21
cv_1014 79 (1440,2560,3) 46.43 50.54
cv_1015 266 (1440,2560,3) 44.07 50.32
cv_1016 238 (1072,1920,3) 56.80 62.02
cv_1017 211 (1072,1920,3) 60.13 67.93
cv_1018 580 (1072,1920,3) 51.50 56.50
cv_1019 180 (1072,1920,3) 50.14 55.81
cv_1020 377 (1072,1920,3) 40.93 46.43
cv_1021 645 (1072,1920,3) 91.47 95.04
cv_1022 545 (1072,1920,3) 40.93 45.04
cv_1023 208 (720,1280,3) 51.07 56.57
cv_1024 580 (1072,1920,3) 40.20 44.87
cv_1026 1180 (1072,1920,3) 39.93 43.43
cv_1027 944 (1072,1920,3) 39.13 42.88
cv_1028 500 (1072,1920,3) 36.00 44.33
cv_1029 124 (1072,1920,3) 35.87 43.25
cv_1033 500 (1072,1920,3) 47.07 48.16
cv_1034 193 (1072,1920,3) 46.20 49.02
cv_1035 299 (1072,1920,3) 43.50 49.12
cv_1036 580 (1072,1920,3) 59.40 72.58
cv_1037 580 (1072,1920,3) 58.80 72.22
cv_1039 580 (1072,1920,3) 58.27 72.45
cv_1040 65 (1072,1920,3) 59.13 73.63
cv_1041 580 (528,960,3) 61.60 71.33
cv_1042 580 (528,960,3) 62.60 69.27
cv_1043 580 (528,960,3) 63.53 69.12
cv_1044 580 (528,960,3) 62.93 68.77
cv_1046 69 (528,960,3) 64.07 68.82
cv_1047 90 (2160,3840,3) 53.64 59.14
cv_1049 112 (2160,3840,3) 45.64 50.64
cv_1050 600 (1072,1920,3) 39.53 52.62
cv_1051 600 (1072,1920,3) 38.21 55.12
cv_1052 105 (1072,1920,3) 38.14 49.32
cv_1053 292 (1072,1920,3) 37.14 41.03
cv_1054 580 (1072,1920,3) 41.29 57.79
cv_1055 580 (1072,1920,3) 43.43 54.53
cv_1056 580 (1072,1920,3) 42.07 54.49
cv_1058 290 (1072,1920,3) 43.50 58.50
cv_1059 450 (1072,1920,3) 53.00 57.75
cv_1060 465 (1072,1920,3) 45.93 51.68
cv_1061 580 (1072,1920,3) 43.87 52.67
cv_1062 471 (1072,1920,3) 44.07 50.87
cv_1063 600 (1072,1920,3) 69.00 74.08
cv_1065 97 (1072,1920,3) 69.07 74.99
cv_1066 600 (1072,1920,3) 41.57 52.75
cv_1067 1180 (2160,3840,3) 41.00 46.40
cv_1069 1180 (2160,3840,3) 44.50 49.86
cv_1070 580 (1072,1920,3) 48.57 54.37
cv_1071 580 (1072,1920,3) 53.33 59.33
cv_1072 400 (1072,1920,3) 54.80 59.69
cv_1073 292 (1440,2560,3) 60.36 65.13
cv_1074 580 (1072,1920,3) 41.21 45.77
cv_1075 560 (1072,1920,3) 41.86 45.63
cv_1076 487 (1920,1072,3) 52.67 57.67
cv_1077 174 (1072,1920,3) 56.73 63.45
cv_1078 580 (1072,1920,3) 54.14 63.39
cv_1079 580 (1072,1920,3) 54.57 62.17
cv_1080 580 (1072,1920,3) 52.93 61.53
cv_1081 580 (1072,1920,3) 53.79 59.39
cv_1082 580 (1072,1920,3) 53.86 59.52
cv_1084 580 (1072,1920,3) 55.07 61.64
cv_1085 500 (1072,1920,3) 54.57 61.24
cv_1086 451 (1072,1920,3) 37.21 41.94
cv_1087 594 (2160,3840,3) 49.13 58.01
cv_1089 200 (1072,1920,3) 48.13 57.21
cv_1090 168 (2160,3840,3) 36.79 42.49
cv_1091 128 (2160,3840,3) 22.79 27.79
cv_1092 129 (2160,3840,3) 39.86 44.57
cv_1093 175 (2160,3840,3) 39.21 43.21
cv_1094 207 (2160,3840,3) 33.57 38.37
cv_1095 148 (2160,3840,3) 31.20 35.29
cv_1096 184 (2160,3840,3) 28.29 34.01
cv_1097 151 (2160,3840,3) 32.14 37.84
cv_1098 178 (2160,3840,3) 36.00 41.33
cv_1099 152 (2160,3840,3) 21.86 26.95
cv_1100 84 (2160,3840,3) 32.67 37.77
cv_1102 75 (2160,3840,3) 29.20 32.38
cv_1103 132 (2160,3840,3) 28.40 33.70
cv_1104 165 (2160,3840,3) 30.00 35.00
cv_1105 98 (2160,3840,3) 28.20 32.20
cv_1106 136 (2160,3840,3) 30.87 38.12
cv_1107 87 (2160,3840,3) 23.40 28.04
cv_1108 418 (2160,3840,3) 28.50 40.70
cv_1109 65 (2160,3840,3) 26.27 32.16
cv_1110 416 (2160,3840,3) 28.07 33.29
cv_1111 380 (2160,3840,3) 24.50 29.80
cv_1113 81 (2160,3840,3) 26.64 32.10
cv_1114 121 (2160,3840,3) 22.57 28.71
cv_1115 196 (2160,3840,3) 20.36 24.86
cv_1116 199 (2160,3840,3) 27.13 31.33
cv_1117 132 (2160,3840,3) 26.29 32.29
cv_1118 224 (2160,3840,3) 21.64 26.50
cv_1119 299 (2160,3840,3) 21.79 26.99
cv_1120 105 (2160,3840,3) 27.80 31.47
cv_1121 423 (2160,3840,3) 21.14 28.64
cv_1122 183 (2160,3840,3) 24.86 31.29
cv_1124 160 (2160,3840,3) 26.80 34.72
cv_1125 184 (2160,3840,3) 26.14 33.69
cv_1126 65 (2160,3840,3) 26.36 35.50
cv_1127 182 (2160,3840,3) 28.67 34.54
cv_1129 110 (2160,3840,3) 22.71 30.59
cv_1130 138 (2160,3840,3) 20.50 27.38
cv_1132 220 (2160,3840,3) 21.64 26.39
cv_1133 186 (2160,3840,3) 26.47 31.47
cv_1135 122 (2160,3840,3) 20.67 24.77
cv_1138 150 (2160,3840,3) 18.50 24.17
cv_1140 89 (2160,3840,3) 18.71 23.59
cv_1141 148 (2160,3840,3) 19.20 23.57
cv_1142 156 (2160,3840,3) 18.79 25.36
cv_1143 208 (2160,3840,3) 20.00 24.33
cv_1144 513 (2160,3840,3) 20.07 24.67
cv_1145 264 (2160,3840,3) 18.93 23.60
cv_1146 259 (2160,3840,3) 19.86 23.57
cv_1147 181 (2160,3840,3) 18.93 24.38
cv_1148 99 (2160,3840,3) 19.57 24.79
cv_1149 129 (2160,3840,3) 22.20 27.51
cv_1150 409 (2160,3840,3) 19.07 24.18
cv_1152 192 (2160,3840,3) 18.64 22.07
cv_1154 108 (2160,3840,3) 13.57 19.14
cv_1155 113 (2160,3840,3) 19.57 24.00
cv_1156 110 (2160,3840,3) 18.29 23.73
cv_1158 190 (2160,3840,3) 16.67 23.24
cv_1159 375 (2160,3840,3) 16.80 21.51
cv_1160 367 (2160,3840,3) 16.21 20.36
cv_1161 372 (2160,3840,3) 18.93 24.93
cv_1162 122 (2160,3840,3) 18.40 23.11
cv_1164 129 (2160,3840,3) 20.07 26.69
cv_1165 278 (2160,3840,3) 18.79 24.50
cv_1166 138 (2160,3840,3) 18.67 23.67
cv_1167 308 (2160,3840,3) 17.73 22.86
cv_1168 358 (2160,3840,3) 15.50 20.07
cv_1169 210 (2160,3840,3) 17.13 21.99
cv_1170 270 (2160,3840,3) 16.67 22.04
cv_1171 440 (2160,3840,3) 18.73 23.61
cv_1172 208 (2160,3840,3) 19.20 24.53
cv_1174 159 (2160,3840,3) 17.73 22.30
cv_1175 283 (2160,3840,3) 18.60 23.35
cv_1176 499 (2160,3840,3) 18.00 24.11
cv_1177 192 (2160,3840,3) 17.86 23.11
cv_1178 356 (2160,3840,3) 17.20 23.90
cv_1179 243 (2160,3840,3) 21.43 27.23
cv_1180 316 (2160,3840,3) 21.57 26.45
cv_1182 275 (2160,3840,3) 18.29 24.00
cv_1183 475 (2160,3840,3) 19.07 25.77
cv_1184 142 (2160,3840,3) 19.00 24.50
cv_1185 218 (2160,3840,3) 16.67 23.44
cv_1186 372 (2160,3840,3) 20.60 26.48
cv_1187 242 (2160,3840,3) 20.07 25.96
cv_1188 385 (2160,3840,3) 17.00 25.33
cv_1189 52 (2160,3840,3) 19.29 24.10
cv_1190 353 (2160,3840,3) 18.67 23.58
cv_1191 130 (2160,3840,3) 18.47 22.59
cv_1192 237 (2160,3840,3) 18.60 24.60
cv_1193 218 (2160,3840,3) 18.60 23.60
cv_1194 264 (2160,3840,3) 19.13 23.51
cv_1195 125 (2160,3840,3) 20.20 24.95
cv_1196 340 (2160,3840,3) 18.80 23.36
cv_1197 122 (2160,3840,3) 18.93 24.18
cv_1198 535 (2160,3840,3) 21.73 26.57
cv_1199 448 (2160,3840,3) 24.00 30.70
cv_1200 214 (2160,3840,3) 20.67 25.78
cv_1201 558 (2160,3840,3) 20.33 24.83
cv_1202 220 (2160,3840,3) 20.73 25.73
cv_1203 387 (2160,3840,3) 20.33 25.53
cv_1204 374 (2160,3840,3) 21.29 26.73
cv_1205 322 (2160,3840,3) 20.33 25.67
cv_1207 157 (2160,3840,3) 24.93 31.49
cv_1208 409 (2160,3840,3) 22.14 27.70
cv_1209 197 (2160,3840,3) 18.40 21.62
cv_1210 132 (2160,3840,3) 21.36 27.11
cv_1211 557 (2160,3840,3) 20.14 25.48
cv_1212 603 (2160,3840,3) 19.64 25.94
cv_1213 170 (2160,3840,3) 20.40 25.62
cv_1214 305 (2160,3840,3) 20.60 26.73
cv_1215 230 (2160,3840,3) 19.07 24.95
cv_1216 293 (2160,3840,3) 18.64 23.31
cv_1217 275 (2160,3840,3) 22.86 30.19
cv_1218 167 (2160,3840,3) 20.60 26.31
cv_1219 349 (2160,3840,3) 18.13 22.28
cv_1220 472 (2160,3840,3) 20.13 25.93
cv_1221 172 (2160,3840,3) 17.29 21.73
cv_1222 99 (2160,3840,3) 18.07 24.27
cv_1224 199 (2160,3840,3) 18.20 24.76
cv_1225 467 (2160,3840,3) 18.27 25.27
cv_1226 255 (2160,3840,3) 18.00 25.00
cv_1227 158 (2160,3840,3) 19.20 24.00
cv_1228 100 (2160,3840,3) 21.80 27.58
cv_1229 104 (2160,3840,3) 18.07 24.07
cv_1230 121 (2160,3840,3) 16.79 21.79
cv_1231 309 (2160,3840,3) 17.33 22.63
cv_1232 408 (2160,3840,3) 17.13 21.76
cv_1233 400 (2160,3840,3) 15.43 20.93
cv_1234 292 (2160,3840,3) 16.53 20.62
cv_1235 252 (2160,3840,3) 18.87 24.20
cv_1236 135 (2160,3840,3) 19.20 26.20
cv_1237 244 (2160,3840,3) 22.07 29.73
cv_1238 402 (2160,3840,3) 20.43 25.93
cv_1239 207 (2160,3840,3) 22.14 29.64
cv_1240 192 (2160,3840,3) 20.79 29.79
cv_1241 95 (2160,3840,3) 18.93 24.18
cv_1242 298 (2160,3840,3) 21.13 25.85
cv_1243 146 (2160,3840,3) 26.00 69.11
cv_1245 124 (2160,3840,3) 23.50 30.28
cv_1246 130 (2160,3840,3) 23.71 29.21
cv_1247 327 (2160,3840,3) 19.79 24.67
cv_1248 259 (2160,3840,3) 20.36 24.36
cv_1249 80 (2160,3840,3) 20.27 24.77
cv_1250 379 (2160,3840,3) 18.40 23.29
cv_1251 245 (2160,3840,3) 18.67 23.56
cv_1252 237 (2160,3840,3) 17.93 23.38
cv_1253 244 (2160,3840,3) 18.13 22.51
cv_1254 240 (2160,3840,3) 22.57 29.45
cv_1255 417 (2160,3840,3) 20.40 25.76
cv_1256 146 (2160,3840,3) 18.93 23.83
cv_1257 76 (2160,3840,3) 35.80 40.47
cv_1258 82 (2160,3840,3) 24.33 30.76
cv_1259 146 (2160,3840,3) 19.14 26.34
cv_1260 282 (2160,3840,3) 23.57 29.82
cv_1261 374 (2160,3840,3) 26.36 33.50
cv_1262 467 (2160,3840,3) 23.93 30.82
cv_1263 252 (2160,3840,3) 29.93 38.73
cv_1265 124 (2160,3840,3) 25.07 32.88
cv_1266 237 (2160,3840,3) 20.80 25.05
cv_1267 119 (2160,3840,3) 22.13 27.33
cv_1268 113 (2160,3840,3) 18.64 22.94
cv_1269 81 (2160,3840,3) 17.93 21.36
cv_1270 298 (2160,3840,3) 19.86 24.86
cv_1271 367 (2160,3840,3) 19.53 26.37
cv_1272 124 (2160,3840,3) 15.87 20.96
cv_1273 55 (2160,3840,3) 17.47 22.97
cv_1274 156 (2160,3840,3) 16.87 21.57
cv_1275 150 (2160,3840,3) 21.00 28.54
cv_1276 233 (2160,3840,3) 16.20 20.20
cv_1278 94 (2160,3840,3) 16.27 20.08
cv_1279 231 (2160,3840,3) 15.13 19.59
cv_1280 88 (2160,3840,3) 15.13 19.13
cv_1281 373 (2160,3840,3) 14.80 19.89
cv_1282 268 (2160,3840,3) 15.40 22.50
cv_1283 269 (2160,3840,3) 14.00 18.64
cv_1284 102 (2160,3840,3) 13.67 17.17
cv_1285 242 (2160,3840,3) 32.71 39.71
cv_1286 217 (2160,3840,3) 19.67 25.44
cv_1287 462 (2160,3840,3) 19.00 25.20
cv_1288 226 (2160,3840,3) 19.53 25.26
cv_1289 284 (2160,3840,3) 20.20 25.38
cv_1291 99 (2160,3840,3) 18.20 23.98
cv_1292 74 (2160,3840,3) 36.93 41.68
cv_1293 126 (2160,3840,3) 40.86 48.43
cv_1295 367 (2160,3840,3) 19.73 24.07
cv_1296 150 (2160,3840,3) 16.64 20.34
cv_1297 247 (2160,3840,3) 17.07 21.89
cv_1298 161 (2160,3840,3) 18.57 22.45
cv_1299 263 (2160,3840,3) 17.29 25.57
cv_1300 379 (2160,3840,3) 18.00 21.89
cv_1301 167 (2160,3840,3) 18.40 24.00
cv_1302 166 (2160,3840,3) 19.36 25.06
cv_1303 156 (2160,3840,3) 19.07 24.27
cv_1304 502 (2160,3840,3) 17.14 23.77
cv_1305 196 (2160,3840,3) 16.57 23.02
cv_1306 111 (2160,3840,3) 17.93 25.04
cv_1307 121 (2160,3840,3) 15.07 21.77
cv_1308 182 (2160,3840,3) 16.14 20.71
cv_1309 102 (2160,3840,3) 14.86 19.14
cv_1310 293 (2160,3840,3) 14.50 21.62
cv_1312 290 (2160,3840,3) 17.29 22.86
cv_1313 169 (2160,3840,3) 17.29 23.71
cv_1314 140 (2160,3840,3) 14.14 19.73
cv_1315 218 (2160,3840,3) 14.36 19.50
cv_1316 327 (2160,3840,3) 17.14 23.48
cv_1317 379 (2160,3840,3) 17.50 22.20
cv_1318 195 (2160,3840,3) 17.57 23.45
cv_1319 348 (2160,3840,3) 18.00 22.43
cv_1320 210 (2160,3840,3) 19.29 24.92
cv_1322 56 (2160,3840,3) 38.43 47.68
cv_1323 86 (2160,3840,3) 17.13 21.13
cv_1324 107 (2160,3840,3) 32.33 37.00
cv_1325 242 (2160,3840,3) 18.67 24.03
cv_1327 287 (2160,3840,3) 22.43 32.93
cv_1328 293 (2160,3840,3) 18.67 28.12
cv_1331 122 (2160,3840,3) 17.93 24.93
cv_1332 309 (2160,3840,3) 19.21 24.99
cv_1333 118 (2160,3840,3) 18.40 28.10
cv_1334 360 (2160,3840,3) 18.93 27.93
cv_1335 188 (2160,3840,3) 18.93 27.93
cv_1336 234 (2160,3840,3) 19.13 29.55
cv_1337 134 (2160,3840,3) 18.60 29.27
cv_1338 147 (2160,3840,3) 18.13 26.80
cv_1339 140 (2160,3840,3) 17.53 23.90
cv_1340 37 (2160,3840,3) 18.20 23.70
cv_1341 244 (2160,3840,3) 16.60 22.60
cv_1342 277 (2160,3840,3) 17.93 26.18
cv_1343 105 (2160,3840,3) 19.00 28.18
cv_1344 241 (2160,3840,3) 20.73 27.11
cv_1345 153 (2160,3840,3) 19.20 26.70
cv_1346 196 (2160,3840,3) 18.53 26.53
cv_1347 76 (2160,3840,3) 18.33 23.70
cv_1348 140 (2160,3840,3) 18.27 27.04
cv_1349 207 (2160,3840,3) 18.00 25.25
cv_1350 65 (2160,3840,3) 21.20 28.78
cv_1351 92 (2160,3840,3) 17.93 24.53
cv_1352 154 (2160,3840,3) 17.40 22.49
cv_1353 123 (2160,3840,3) 18.67 25.07
cv_1354 308 (2160,3840,3) 18.33 25.52
cv_1355 206 (2160,3840,3) 19.20 27.00
cv_1356 243 (2160,3840,3) 18.27 25.52
cv_1357 301 (2160,3840,3) 18.93 26.60
cv_1358 113 (2160,3840,3) 18.13 26.38
cv_1359 234 (2160,3840,3) 22.43 31.79
cv_1360 284 (2160,3840,3) 22.86 33.16
cv_1361 170 (2160,3840,3) 20.53 26.20
cv_1362 179 (2160,3840,3) 18.80 27.30
cv_1363 230 (2160,3840,3) 18.80 28.05
cv_1364 309 (2160,3840,3) 22.21 32.91
cv_1365 322 (2160,3840,3) 22.50 32.88
cv_1366 226 (2160,3840,3) 19.13 26.80
cv_1367 65 (2160,3840,3) 19.33 26.62
cv_1368 506 (2160,3840,3) 29.92 36.07
cv_1369 83 (2160,3840,3) 23.20 28.77
cv_1371 197 (2160,3840,3) 23.93 27.31
cv_1372 239 (2160,3840,3) 29.67 32.81
cv_1373 323 (2160,3840,3) 33.47 42.04
cv_1374 172 (2160,3840,3) 28.50 35.64
cv_1375 232 (2160,3840,3) 23.67 31.79
cv_1376 388 (2160,3840,3) 22.93 30.16
cv_1377 88 (2160,3840,3) 28.87 33.77
cv_1378 156 (2160,3840,3) 30.93 36.13
cv_1379 135 (2160,3840,3) 29.07 35.61
cv_1380 97 (2160,3840,3) 32.13 37.53
cv_1381 189 (2160,3840,3) 25.07 30.35
cv_1383 107 (2160,3840,3) 29.40 34.58
cv_1384 315 (2160,3840,3) 34.07 40.97
cv_1385 111 (2160,3840,3) 33.80 38.58
cv_1386 114 (2160,3840,3) 29.40 35.70
cv_1387 340 (2160,3840,3) 28.80 33.71
cv_1388 100 (2160,3840,3) 31.67 36.25
cv_1389 148 (2160,3840,3) 31.87 37.45
cv_1390 132 (2160,3840,3) 30.80 35.36
cv_1391 103 (2160,3840,3) 36.33 44.61
cv_1392 84 (1040,1920,3) 28.47 35.75
cv_1393 542 (1040,1920,3) 27.87 33.28
cv_1394 186 (1040,1920,3) 29.00 33.25
cv_1395 456 (1040,1920,3) 23.33 27.61
cv_1396 331 (1040,1920,3) 26.73 31.23
cv_1398 210 (1040,1920,3) 25.36 31.36
cv_1399 162 (1040,1920,3) 18.07 21.52
cv_1400 222 (1040,1920,3) 25.40 31.07
cv_1401 279 (1040,1920,3) 26.79 31.19
cv_1402 230 (1040,1920,3) 25.21 31.21
cv_1403 287 (1040,1920,3) 27.87 33.70
cv_1404 230 (1040,1920,3) 25.27 30.45
cv_1405 126 (1040,1920,3) 23.80 27.18
cv_1406 154 (1040,1920,3) 19.47 22.59
cv_1407 158 (1040,1920,3) 24.87 29.44
cv_1408 145 (1040,1920,3) 23.47 27.75
cv_1409 106 (1040,1920,3) 20.29 25.86
cv_1410 91 (1040,1920,3) 15.86 19.58
cv_1411 104 (1040,1920,3) 24.36 30.47
cv_1412 239 (1040,1920,3) 26.27 30.27
cv_1413 462 (1040,1920,3) 26.93 31.33
cv_1414 594 (1040,1920,3) 33.07 36.64
cv_1416 108 (1040,1920,3) 25.71 31.00
cv_1417 88 (1040,1920,3) 27.13 31.99
cv_1419 294 (720,1280,3) 22.33 25.46
cv_1420 163 (720,1280,3) 22.47 25.47
cv_1422 440 (720,1280,3) 47.93 53.08
cv_1423 355 (720,1280,3) 48.53 53.10
cv_1424 439 (720,1280,3) 48.33 52.83
cv_1425 600 (1808,3840,3) 40.27 44.57
cv_1427 415 (1808,3840,3) 42.40 48.83
cv_1428 57 (1808,3840,3) 49.27 53.27
cv_1429 600 (1808,3840,3) 45.00 50.17
cv_1430 195 (1808,3840,3) 43.73 49.01
cv_1431 600 (1808,3840,3) 42.13 47.22
cv_1432 600 (1808,3840,3) 44.27 49.52
cv_1433 600 (1808,3840,3) 44.27 49.27
cv_1434 371 (1808,3840,3) 44.93 49.93
cv_1435 600 (1808,3840,3) 45.60 49.73
cv_1436 600 (1808,3840,3) 44.93 49.60
cv_1437 600 (1808,3840,3) 46.73 51.29
cv_1438 600 (1808,3840,3) 45.07 49.96
cv_1439 600 (1808,3840,3) 43.53 48.62
cv_1440 600 (1808,3840,3) 44.27 49.82
cv_1441 600 (1808,3840,3) 44.87 50.74
cv_1442 600 (1808,3840,3) 45.07 50.07
cv_1443 595 (1808,3840,3) 44.60 50.38
cv_1444 314 (1808,3840,3) 44.67 50.07
cv_1445 600 (1808,3840,3) 44.27 50.71
cv_1446 157 (1808,3840,3) 45.27 50.82
cv_1447 600 (1808,3840,3) 46.93 53.93
cv_1448 600 (1808,3840,3) 46.67 52.78
cv_1449 600 (1808,3840,3) 44.80 50.47
cv_1450 569 (1808,3840,3) 44.60 49.60
cv_1451 216 (1808,3840,3) 40.67 45.04
cv_1452 600 (1808,3840,3) 38.20 44.11
cv_1453 200 (1808,3840,3) 36.43 40.43
cv_1454 600 (1808,3840,3) 42.33 48.33
cv_1455 535 (1808,3840,3) 41.87 46.87
cv_1456 600 (1808,3840,3) 41.07 45.84
cv_1457 600 (1808,3840,3) 41.27 45.93
cv_1458 499 (1808,3840,3) 39.80 45.90
cv_1459 600 (1808,3840,3) 38.80 44.70
cv_1460 600 (1808,3840,3) 36.93 42.08
cv_1461 600 (1808,3840,3) 37.07 42.98
cv_1462 600 (1808,3840,3) 36.73 42.15
cv_1463 600 (1808,3840,3) 36.80 42.80
cv_1464 600 (1808,3840,3) 37.73 42.43
cv_1465 600 (1808,3840,3) 37.87 41.78
cv_1466 265 (1808,3840,3) 36.36 39.73
cv_1467 595 (1808,3840,3) 37.33 41.93
cv_1468 600 (1808,3840,3) 39.93 44.48
cv_1469 600 (1808,3840,3) 41.53 45.99
cv_1470 600 (1808,3840,3) 38.47 43.97
cv_1471 600 (1808,3840,3) 37.60 43.60
cv_1472 600 (1808,3840,3) 39.40 44.15
cv_1473 600 (1808,3840,3) 41.07 46.19
cv_1474 600 (1808,3840,3) 37.00 40.75
cv_1475 566 (1808,3840,3) 32.57 36.40
cv_1476 600 (1808,3840,3) 38.87 43.56
cv_1477 600 (1808,3840,3) 44.73 51.36
cv_1478 238 (1808,3840,3) 43.00 46.86
cv_1479 600 (1808,3840,3) 40.00 45.73
cv_1480 415 (1808,3840,3) 39.00 45.78
cv_1481 114 (1808,3840,3) 31.73 34.96
cv_1482 414 (1808,3840,3) 37.67 42.51
cv_1483 600 (1808,3840,3) 38.13 44.24
cv_1484 600 (1808,3840,3) 36.73 40.23
cv_1485 600 (1808,3840,3) 37.67 41.88
cv_1486 600 (1808,3840,3) 33.79 37.54
cv_1487 600 (1808,3840,3) 33.71 37.84
cv_1488 600 (1808,3840,3) 34.93 41.06
cv_1489 600 (1808,3840,3) 36.07 40.69
cv_1490 595 (1808,3840,3) 36.87 40.62
cv_1492 600 (1808,3840,3) 36.40 43.02
cv_1493 600 (1808,3840,3) 29.23 33.37
cv_1494 600 (1808,3840,3) 30.00 34.38
cv_1495 600 (1808,3840,3) 34.60 39.82
cv_1496 600 (1808,3840,3) 35.73 41.19
cv_1497 501 (1808,3840,3) 35.93 41.06
cv_1498 600 (1808,3840,3) 33.50 36.50
cv_1499 444 (1808,3840,3) 34.71 40.00
cv_1500 208 (1808,3840,3) 33.86 38.24
cv_1501 231 (1808,3840,3) 35.80 40.36
cv_1502 600 (1808,3840,3) 34.73 39.73
cv_1503 600 (1808,3840,3) 34.67 39.57
cv_1504 600 (1808,3840,3) 34.73 38.73
cv_1505 600 (1808,3840,3) 34.20 38.40
cv_1506 65 (1808,3840,3) 32.57 36.82
cv_1507 600 (1808,3840,3) 33.20 37.62
cv_1508 600 (1808,3840,3) 35.00 40.33
cv_1509 600 (1808,3840,3) 38.87 43.74
cv_1510 600 (1808,3840,3) 37.07 43.35
cv_1511 600 (1808,3840,3) 37.93 44.93
cv_1512 600 (1808,3840,3) 38.67 46.33
cv_1513 600 (1808,3840,3) 45.43 54.26
cv_1514 600 (1808,3840,3) 42.53 48.96
cv_1515 595 (1808,3840,3) 38.47 44.47
cv_1516 600 (1808,3840,3) 36.67 41.17
cv_1517 600 (1808,3840,3) 40.00 45.60
cv_1518 600 (1808,3840,3) 39.64 45.79
cv_1519 600 (1808,3840,3) 38.80 44.67
cv_1520 600 (1808,3840,3) 37.87 41.49
cv_1521 600 (1808,3840,3) 34.80 39.70
cv_1522 600 (1808,3840,3) 36.60 42.27
cv_1523 600 (1808,3840,3) 38.20 43.53
cv_1524 595 (1808,3840,3) 36.60 41.82
cv_1525 600 (1808,3840,3) 37.79 42.50
cv_1526 600 (1808,3840,3) 40.86 46.97
cv_1527 600 (1808,3840,3) 42.29 49.51
cv_1528 238 (1808,3840,3) 32.23 37.11
cv_1529 600 (1808,3840,3) 33.50 37.86
cv_1530 600 (1808,3840,3) 32.21 35.64
cv_1531 511 (1808,3840,3) 33.47 38.62
cv_1532 543 (1808,3840,3) 31.14 34.57
cv_1533 600 (1808,3840,3) 36.87 40.71
cv_1535 600 (1808,3840,3) 36.47 40.80
cv_1536 600 (1808,3840,3) 37.27 41.57
cv_1537 600 (1808,3840,3) 38.47 43.72
cv_1538 600 (1808,3840,3) 38.33 43.33
cv_1539 600 (1808,3840,3) 38.27 43.42
cv_1540 286 (1808,3840,3) 39.53 46.09
cv_1541 102 (1808,3840,3) 30.77 35.34
cv_1542 600 (1808,3840,3) 36.79 40.88
cv_1543 600 (1808,3840,3) 38.13 42.80
cv_1544 600 (1808,3840,3) 37.73 42.57
cv_1545 600 (1808,3840,3) 36.93 43.38
cv_1546 600 (1808,3840,3) 38.80 42.67
cv_1547 600 (1808,3840,3) 40.20 44.90
cv_1548 600 (1808,3840,3) 39.80 43.80
cv_1549 600 (1808,3840,3) 37.80 42.80
cv_1550 491 (1808,3840,3) 35.80 40.25
cv_1551 161 (2160,3840,3) 24.13 28.41
cv_1552 134 (1440,2560,3) 40.87 45.78
cv_1553 114 (1440,2560,3) 48.20 55.20
cv_1554 287 (1808,3840,3) 37.00 42.40
cv_1555 283 (1072,1920,3) 44.50 50.33
cv_1556 227 (1072,1920,3) 41.60 45.42
cv_2145 49 (2064,3840,3) 17.40 23.67
cv_2195 31 (1888,3840,3) 14.00 18.55
cv_2196 150 (1888,3840,3) 13.43 16.97
cv_2197 31 (1888,3840,3) 14.67 18.54
cv_2198 73 (1888,3840,3) 18.29 23.84
cv_2199 32 (1888,3840,3) 17.53 21.63
cv_2200 23 (1888,3840,3) 19.20 23.10
cv_2201 47 (1888,3840,3) 18.29 22.38
cv_2202 31 (1888,3840,3) 18.80 22.97
cv_2203 74 (1888,3840,3) 15.93 20.84
cv_2204 32 (1888,3840,3) 18.40 23.50
cv_2205 24 (1888,3840,3) 16.53 22.95
cv_2206 33 (1888,3840,3) 17.36 24.25
cv_2207 47 (1888,3840,3) 16.40 22.95
cv_2208 62 (1888,3840,3) 15.47 20.97
cv_2209 26 (1888,3840,3) 15.07 20.69
cv_2210 32 (1888,3840,3) 14.13 19.05
cv_2211 46 (1888,3840,3) 16.60 22.82
cv_2212 104 (1888,3840,3) 17.00 23.33
cv_2213 45 (1888,3840,3) 16.73 21.93
cv_2214 36 (1888,3840,3) 16.20 20.82
cv_2215 55 (1888,3840,3) 16.00 20.75
cv_2216 40 (1888,3840,3) 19.60 25.90
cv_2217 48 (1888,3840,3) 17.60 22.85
cv_2218 59 (1888,3840,3) 19.27 25.18
cv_2219 79 (1888,3840,3) 23.00 27.88
cv_2220 32 (1888,3840,3) 16.21 19.81
cv_2221 19 (1888,3840,3) 16.33 20.56
cv_2222 31 (1888,3840,3) 15.50 20.40
cv_2223 68 (1888,3840,3) 16.13 20.41
cv_2224 31 (1888,3840,3) 15.50 20.17
cv_2225 31 (1888,3840,3) 17.21 21.12
cv_2226 166 (1888,3840,3) 16.50 21.81
cv_2227 177 (1888,3840,3) 17.67 23.03
cv_2229 150 (1888,3840,3) 16.00 20.10
cv_2230 31 (1888,3840,3) 15.40 20.26
cv_2231 38 (1888,3840,3) 15.07 19.40
cv_2232 61 (1888,3840,3) 14.47 18.88
cv_2233 44 (1888,3840,3) 14.50 19.10
cv_2234 32 (1888,3840,3) 17.87 22.25
cv_2235 32 (1888,3840,3) 16.27 20.85
cv_2236 31 (1888,3840,3) 17.47 21.47
cv_2242 51 (1888,3840,3) 22.20 25.90
cv_2245 60 (1888,3840,3) 20.64 24.36
cv_2246 115 (1888,3840,3) 31.27 36.27
cv_2247 32 (1888,3840,3) 22.13 25.88
cv_2248 61 (1888,3840,3) 24.53 29.20
cv_2249 43 (1888,3840,3) 24.60 28.93
cv_2250 68 (1888,3840,3) 20.87 24.44
cv_2251 89 (1888,3840,3) 28.13 32.38
cv_2252 192 (1888,3840,3) 26.67 33.83
cv_2253 92 (1888,3840,3) 24.20 28.07
cv_2254 77 (1888,3840,3) 23.40 29.11
cv_2255 61 (1888,3840,3) 19.27 24.55
cv_2256 48 (1888,3840,3) 18.47 22.47
cv_2257 45 (1888,3840,3) 19.27 23.63
cv_2259 49 (1888,3840,3) 15.60 20.30
cv_2260 33 (1888,3840,3) 16.53 21.53
cv_2261 31 (1888,3840,3) 14.87 18.62
cv_2262 62 (1888,3840,3) 16.47 20.80
cv_2264 72 (1888,3840,3) 17.07 21.74
cv_2265 126 (1888,3840,3) 24.07 29.90
cv_2282 51 (1888,3840,3) 16.27 20.93
cv_2283 72 (1888,3840,3) 19.00 24.25
cv_2284 41 (1888,3840,3) 12.80 17.57
cv_3000 78 (1888,3840,3) 26.40 32.26
cv_3001 77 (1888,3840,3) 23.40 30.69
cv_3002 52 (1888,3840,3) 24.29 29.29
cv_3003 55 (1888,3840,3) 17.07 21.70
cv_3004 35 (1888,3840,3) 16.67 20.52
cv_3006 54 (1888,3840,3) 19.07 22.82
cv_3007 43 (1888,3840,3) 18.53 22.98
cv_3009 43 (1888,3840,3) 19.40 23.96
cv_3010 73 (1888,3840,3) 17.27 22.16
cv_3011 67 (1888,3840,3) 21.07 26.07
cv_3012 131 (1888,3840,3) 23.27 28.27
cv_3013 52 (1888,3840,3) 20.36 24.93
cv_3014 40 (1888,3840,3) 20.14 24.98
cv_3015 111 (1888,3840,3) 20.57 24.79
cv_3016 47 (1888,3840,3) 20.73 25.57
cv_3017 32 (1888,3840,3) 19.27 23.55
cv_3018 30 (1888,3840,3) 20.33 25.33
cv_3019 27 (1888,3840,3) 17.86 21.61
cv_3020 31 (1888,3840,3) 20.07 25.57
cv_3021 33 (1888,3840,3) 20.13 26.28
cv_3022 70 (1888,3840,3) 18.93 24.43
cv_3023 92 (1888,3840,3) 20.13 24.13
cv_3024 111 (1888,3840,3) 20.13 24.51
cv_3025 35 (1888,3840,3) 16.73 20.23
cv_3028 128 (1888,3840,3) 19.07 24.79
cv_3029 169 (1888,3840,3) 21.14 25.00
cv_3031 207 (1888,3840,3) 24.15 28.99
cv_3032 42 (1888,3840,3) 19.33 23.48
cv_3033 86 (1888,3840,3) 19.53 24.25
cv_3034 74 (1888,3840,3) 21.47 25.47
cv_3035 168 (1888,3840,3) 22.00 25.67
cv_3036 28 (1888,3840,3) 18.87 22.62
cv_3037 51 (1888,3840,3) 19.64 22.84
cv_3038 31 (1888,3840,3) 25.07 36.21
cv_3039 44 (1888,3840,3) 26.21 36.21
cv_3040 69 (1888,3840,3) 23.67 29.17
cv_3041 31 (1888,3840,3) 22.71 26.38
cv_4580 117 (2160,3840,3) 76.71 83.81
cv_4584 145 (1440,2560,3) 65.27 71.82
cv_4590 59 (2160,3840,3) 43.36 46.50
cv_4762 77 (1072,1920,3) 32.07 36.40
cv_4763 30 (1072,1920,3) 30.86 34.48
cv_4764 25 (1072,1920,3) 28.53 33.53
cv_4785 190 (1440,2560,3) 42.79 45.49
cv_4794 395 (1440,2560,3) 47.27 50.27
cv_4795 211 (1440,2560,3) 46.87 49.24
cv_4796 74 (1440,2560,3) 46.20 49.62
cv_4802 164 (1072,1920,3) 29.53 32.95
cv_4861 43 (2160,3840,3) 58.20 65.83
cv_4862 114 (2160,3840,3) 57.47 65.72
cv_4863 67 (2160,3840,3) 56.87 61.30
cv_4864 31 (2160,3840,3) 57.87 64.57
cv_4865 151 (2160,3840,3) 77.64 86.53
cv_4869 38 (2160,3840,3) 43.79 47.07
cv_4915 147 (2160,3840,3) 41.29 44.95
cv_4917 147 (2160,3840,3) 42.36 46.61
cv_4918 145 (2160,3840,3) 38.71 45.49
cv_5047 75 (2160,3840,3) 48.79 56.50
cv_5048 202 (2160,3840,3) 48.71 57.05
cv_5049 170 (2160,3840,3) 43.36 47.52
cv_5103 61 (2160,3840,3) 26.40 33.40
cv_5135 434 (2160,3840,3) 20.93 24.36
cv_5257 60 (2160,3840,3) 28.80 33.69
cv_5294 46 (2160,3840,3) 36.69 43.44
cv_5321 41 (2160,3840,3) 37.40 40.90
cv_5322 144 (2160,3840,3) 42.64 47.21
cv_5324 62 (2160,3840,3) 29.27 35.02
cv_5325 59 (2160,3840,3) 35.87 46.96
cv_5382 134 (2160,3840,3) 31.67 37.29
cv_5453 130 (1808,3840,3) 39.57 43.37
cv_5454 174 (1808,3840,3) 40.21 43.36
cv_5466 31 (1808,3840,3) 35.27 40.38
cv_5467 133 (1808,3840,3) 37.07 42.07
cv_5500 182 (1808,3840,3) 30.33 34.33
cv_5506 90 (1808,3840,3) 37.71 44.96
cv_5507 59 (1808,3840,3) 33.43 38.55
cv_5812 360 (1072,1920,3) 62.13 66.63
cv_5851 87 (1072,1920,3) 68.73 76.73
cv_6294 49 (2160,3840,3) 50.87 63.47
cv_6295 53 (2160,3840,3) 39.00 45.40
cv_6296 91 (2160,3840,3) 47.36 56.36
